url_path,views_total,views_unique
/ArrowElectronics/10BASE-T1L-MC,49,26
/ArrowElectronics/10BASE-T1L-MC/tree/main/FW_Package,24,11
/ArrowElectronics/10BASE-T1L-MC/wiki,13,8
/ArrowElectronics/10BASE-T1L-MC/tree/main/FW_Package/10BASE-T1L-MC_SourceCode,8,4
/ArrowElectronics/10BASE-T1L-MC/blob/main/README.md,5,5
/ArrowElectronics/10BASE-T1L-MC/tree/main/FW_Package/10BASE-T1L-MC_SourceCode/build,3,3
/ArrowElectronics/10BASE-T1L-MC/tree/main/HW_Package,3,3
/ArrowElectronics/10BASE-T1L-MC/issues,3,2
/ArrowElectronics/10BASE-T1L-MC/blob/main/FW_Package/10BASE-T1L-MC_SourceCode/src/adi_phy.c,2,2
/ArrowElectronics/10BASE-T1L-MC/commits,2,2
