url_path,views_total,views_unique
/ArrowElectronics/data-storm-daq/wiki,15,8
/ArrowElectronics/data-storm-daq/blob/master/images/SCH-TEI0022-03.PDF,12,4
/ArrowElectronics/data-storm-daq/wiki/prerequisites-for-developers,10,4
/ArrowElectronics/data-storm-daq,8,7
/ArrowElectronics/data-storm-daq/wiki/ADRV9002-Software-Architecture,7,4
/ArrowElectronics/data-storm-daq/wiki/ADRV9002-Platform-User-Guide,6,2
/ArrowElectronics/data-storm-daq/wiki/AD7768-Platform-User-Guide,5,3
/ArrowElectronics/data-storm-daq/wiki/Run-the-ADRV9002-Demonstration-Standalone,4,3
/ArrowElectronics/data-storm-daq/wiki/TEI0022-schematics,4,3
/ArrowElectronics/data-storm-daq/wiki/ADRV9002-Platform-Build-the-Example-Design,4,1
