url_path,views_total,views_unique
/ArrowElectronics/data-storm-daq,38,5
/ArrowElectronics/data-storm-daq/wiki,13,7
/ArrowElectronics/data-storm-daq/blob/master/cv_51001.pdf,7,1
/ArrowElectronics/data-storm-daq/wiki/ADRV9002-Platform-Build-no%E2%80%90OS,5,4
/ArrowElectronics/data-storm-daq/wiki/ADRV9002-Platform-Quick-Start-Guide,5,4
/ArrowElectronics/data-storm-daq/blob/master/spi-engine3.pdf,5,1
/ArrowElectronics/data-storm-daq/wiki/AD7768-Platform-Quick-Start-Guide,5,1
/ArrowElectronics/data-storm-daq/wiki/Golden-System-Reference-Design-(GSRD),4,4
/ArrowElectronics/data-storm-daq/wiki/ADRV9002-Platform-User-Guide,4,3
/ArrowElectronics/data-storm-daq/wiki/AD7768-Platform-User-Guide,4,1
